-55,9877500,9271000,10484000,6.1,0.8,7.4
-54,9174300,8619200,9729400,6.1,0.8,7.4
-53,8525800,8017500,9034200,6.0,0.8,7.3
-52,7927500,7461800,8393200,5.9,0.8,7.2
-51,7375100,6948300,7801900,5.8,0.8,7.2
-50,6864800,6473400,7256200,5.7,0.8,7.1
-49,6393100,6034100,6752200,5.6,0.8,7.1
-48,5957000,5627400,6286500,5.5,0.8,7.0
-47,5553400,5250800,5855900,5.4,0.8,7.0
-46,5179800,4901800,5457700,5.4,0.8,6.9
-45,4833700,4578300,5089000,5.3,0.8,6.9
-44,4512900,4278200,4747700,5.2,0.8,6.8
-43,4215500,3999600,4431400,5.1,0.8,6.8
-42,3939600,3741000,4138300,5.0,0.7,6.7
-41,3683600,3500800,3866400,5.0,0.7,6.7
-40,3445800,3277400,3614100,4.9,0.7,6.7
-39,3224800,3069800,3379800,4.8,0.7,6.6
-38,3019400,2876600,3162200,4.7,0.7,6.6
-37,2828400,2696800,2960000,4.7,0.7,6.5
-36,2650700,2529300,2772000,4.6,0.7,6.5
-35,2485200,2373300,2597100,4.5,0.7,6.4
-34,2331100,2227800,2434400,4.4,0.7,6.4
-33,2187500,2092200,2282800,4.4,0.7,6.3
-32,2053700,1965700,2141600,4.3,0.7,6.3
-31,1928800,1847600,2010100,4.2,0.7,6.2
-30,1812400,1737300,1887400,4.1,0.7,6.2
-29,1703600,1634300,1773000,4.1,0.7,6.2
-28,1602100,1538000,1666200,4.0,0.7,6.1
-27,1507200,1448000,1566400,3.9,0.6,6.1
-26,1418500,1363800,1473300,3.9,0.6,6.0
-25,1335600,1285000,1386300,3.8,0.6,6.0
-24,1258000,1211200,1304900,3.7,0.6,6.0
-23,1185400,1142100,1228800,3.7,0.6,5.9
-22,1117500,1077300,1157600,3.6,0.6,5.9
-21,1053800,1016600,1090900,3.5,0.6,5.8
-20,994130,959740,1028500,3.5,0.6,5.8
-19,938200,906350,970060,3.4,0.6,5.8
-18,885750,856250,915260,3.3,0.6,5.7
-17,836550,809220,863880,3.3,0.6,5.7
-16,790360,765040,815680,3.2,0.6,5.7
-15,747000,723540,770460,3.1,0.6,5.6
-14,706270,684530,728020,3.1,0.6,5.6
-13,668000,647850,688160,3.0,0.5,5.6
-12,632030,613350,650710,3.0,0.5,5.5
-11,598200,580890,615520,2.9,0.5,5.5
-10,566390,550330,582440,2.8,0.5,5.4
-9,536440,521550,551330,2.8,0.5,5.4
-8,508250,494450,522060,2.7,0.5,5.4
-7,481710,468910,494510,2.7,0.5,5.3
-6,456710,444840,468580,2.6,0.5,5.3
-5,433140,422130,444150,2.5,0.5,5.3
-4,410930,400720,421130,2.5,0.5,5.2
-3,389980,380510,399440,2.4,0.5,5.2
-2,370220,361440,378990,2.4,0.5,5.2
-1,351570,343430,359710,2.3,0.4,5.2
0,333960,326420,341510,2.3,0.4,5.2
1,317080,310090,324070,2.2,0.4,5.2
2,301150,294680,307620,2.1,0.4,5.1
3,286110,280120,292110,2.1,0.4,5.1
4,271910,266360,277460,2.0,0.4,5.1
5,258500,253360,263640,2.0,0.4,5.0
6,245820,241070,250580,1.9,0.4,5.0
7,233840,229440,238240,1.9,0.4,5.0
8,222510,218440,226590,1.8,0.4,5.0
9,211800,208030,215560,1.8,0.4,4.9
10,201660,198180,205140,1.7,0.4,4.9
11,192060,188840,195280,1.7,0.3,4.9
12,182980,180000,185950,1.6,0.3,4.8
13,174370,171630,177120,1.6,0.3,4.8
14,166220,163690,168760,1.5,0.3,4.8
15,158500,156160,160840,1.5,0.3,4.7
16,151180,149020,153330,1.4,0.3,4.7
17,144230,142250,146220,1.4,0.3,4.7
18,137650,135820,139480,1.3,0.3,4.7
19,131400,129720,133080,1.3,0.3,4.6
20,125470,123920,127020,1.2,0.3,4.6
21,119840,118420,121260,1.2,0.3,4.6
22,114490,113190,115800,1.1,0.3,4.6
23,109410,108220,110610,1.1,0.2,4.5
24,104590,103490,105680,1.0,0.2,4.5
25,100000,99000,101000,1.0,0.2,4.5
26,95639,94639,96640,1.0,0.2,4.4
27,91493,90494,92491,1.1,0.2,4.4
28,87548,86553,88543,1.1,0.3,4.4
29,83795,82805,84785,1.2,0.3,4.4
30,80223,79239,81206,1.2,0.3,4.3
31,76822,75846,77797,1.3,0.3,4.3
32,73583,72616,74550,1.3,0.3,4.3
33,70499,69541,71456,1.4,0.3,4.3
34,67560,66613,68507,1.4,0.3,4.2
35,64759,63823,65695,1.4,0.3,4.2
36,62089,61165,63013,1.5,0.4,4.2
37,59543,58632,60455,1.5,0.4,4.2
38,57115,56217,58014,1.6,0.4,4.2
39,54799,53914,55684,1.6,0.4,4.1
40,52589,51718,53460,1.7,0.4,4.1
41,50480,49622,51337,1.7,0.4,4.1
42,48466,47622,49309,1.7,0.4,4.1
43,46543,45714,47372,1.8,0.4,4.0
44,44706,43891,45521,1.8,0.5,4.0
45,42951,42151,43751,1.9,0.5,4.0
46,41274,40488,42060,1.9,0.5,4.0
47,39671,38900,40443,1.9,0.5,3.9
48,38139,37382,38896,2.0,0.5,3.9
49,36674,35932,37416,2.0,0.5,3.9
50,35272,34544,36000,2.1,0.5,3.9
51,33931,33218,34645,2.1,0.5,3.9
52,32648,31949,33348,2.1,0.6,3.8
53,31420,30735,32105,2.2,0.6,3.8
54,30245,29573,30916,2.2,0.6,3.8
55,29119,28462,29776,2.3,0.6,3.8
56,28041,27397,28685,2.3,0.6,3.8
57,27008,26378,27638,2.3,0.6,3.7
58,26018,25401,26635,2.4,0.6,3.7
59,25070,24466,25674,2.4,0.7,3.7
60,24161,23570,24752,2.4,0.7,3.7
61,23289,22711,23868,2.5,0.7,3.7
62,22453,21887,23019,2.5,0.7,3.6
63,21652,21098,22205,2.6,0.7,3.6
64,20882,20341,21424,2.6,0.7,3.6
65,20144,19615,20674,2.6,0.7,3.6
66,19436,18918,19954,2.7,0.7,3.6
67,18756,18249,19263,2.7,0.8,3.6
68,18103,17608,18599,2.7,0.8,3.5
69,17476,16992,17961,2.8,0.8,3.5
70,16874,16400,17348,2.8,0.8,3.5
71,16296,15832,16759,2.8,0.8,3.5
72,15740,15287,16193,2.9,0.8,3.5
73,15205,14762,15648,2.9,0.8,3.4
74,14692,14259,15125,2.9,0.9,3.4
75,14198,13775,14622,3.0,0.9,3.4
76,13723,13309,14137,3.0,0.9,3.4
77,13267,12862,13672,3.1,0.9,3.4
78,12828,12432,13223,3.1,0.9,3.4
79,12405,12018,12792,3.1,0.9,3.3
80,11998,11620,12376,3.2,0.9,3.3
81,11607,11237,11977,3.2,1.0,3.3
82,11230,10869,11591,3.2,1.0,3.3
83,10867,10514,11221,3.3,1.0,3.3
84,10518,10173,10863,3.3,1.0,3.3
85,10181,9843.8,10519,3.3,1.0,3.2
86,9857.3,9527.2,10187,3.3,1.0,3.2
87,9545.0,9222.3,9867.7,3.4,1.1,3.2
88,9244.0,8928.5,9559.6,3.4,1.1,3.2
89,8954.0,8645.5,9262.5,3.4,1.1,3.2
90,8674.4,8372.8,8976.0,3.5,1.1,3.2
91,8404.8,8109.9,8699.7,3.5,1.1,3.1
92,8144.8,7856.5,8433.1,3.5,1.1,3.1
93,7894.1,7612.2,8176.0,3.6,1.1,3.1
94,7652.2,7376.6,7927.9,3.6,1.2,3.1
95,7418.9,7149.4,7688.5,3.6,1.2,3.1
96,7193.8,6930.2,7457.4,3.7,1.2,3.1
97,6976.5,6718.7,7234.3,3.7,1.2,3.1
98,6766.8,6514.7,7018.8,3.7,1.2,3.0
99,6564.3,6317.8,6810.8,3.8,1.2,3.0
100,6368.8,6127.7,6609.9,3.8,1.3,3.0
101,6180.0,5944.2,6415.8,3.8,1.3,3.0
102,5997.7,5767.1,6228.3,3.8,1.3,3.0
103,5821.6,5596.0,6047.2,3.9,1.3,3.0
104,5651.4,5430.7,5872.1,3.9,1.3,3.0
105,5487.0,5271.1,5702.9,3.9,1.3,2.9
106,5328.1,5116.9,5539.3,4.0,1.4,2.9
107,5174.5,4967.9,5381.1,4.0,1.4,2.9
108,5026.0,4823.9,5228.2,4.0,1.4,2.9
109,4882.5,4684.7,5080.2,4.1,1.4,2.9
110,4743.7,4550.2,4937.2,4.1,1.4,2.9
111,4609.4,4420.1,4798.8,4.1,1.4,2.9
112,4479.6,4294.3,4664.8,4.1,1.5,2.9
113,4353.9,4172.6,4535.3,4.2,1.5,2.8
114,4232.4,4055.0,4409.8,4.2,1.5,2.8
115,4114.8,3941.1,4288.4,4.2,1.5,2.8
116,4001.0,3831.0,4170.9,4.2,1.5,2.8
117,3890.8,3724.4,4057.1,4.3,1.5,2.8
118,3784.1,3621.3,3947.0,4.3,1.6,2.8
119,3680.8,3521.4,3840.2,4.3,1.6,2.8
120,3580.8,3424.8,3736.9,4.4,1.6,2.7
121,3484.0,3331.2,3636.8,4.4,1.6,2.7
122,3390.2,3240.6,3539.7,4.4,1.6,2.7
123,3299.3,3152.8,3445.7,4.4,1.6,2.7
124,3211.2,3067.8,3354.6,4.5,1.7,2.7
125,3125.9,2985.5,3266.3,4.5,1.7,2.7
126,3043.2,2905.7,3180.8,4.5,1.7,2.7
127,2963.1,2828.4,3097.8,4.5,1.7,2.7
128,2885.4,2753.5,3017.3,4.6,1.7,2.7
129,2810.1,2680.8,2939.3,4.6,1.7,2.6
130,2737.0,2610.5,2863.6,4.6,1.8,2.6
131,2666.2,2542.2,2790.2,4.7,1.8,2.6
132,2597.5,2476.1,2719.0,4.7,1.8,2.6
133,2530.9,2411.9,2649.9,4.7,1.8,2.6
134,2466.3,2349.7,2582.8,4.7,1.8,2.6
135,2403.5,2289.3,2517.8,4.8,1.8,2.6
136,2342.7,2230.8,2454.6,4.8,1.9,2.6
137,2283.6,2173.9,2393.3,4.8,1.9,2.5
138,2226.3,2118.8,2333.8,4.8,1.9,2.5
139,2170.7,2065.3,2276.0,4.9,1.9,2.5
140,2116.7,2013.4,2219.9,4.9,1.9,2.5
141,2064.2,1963.0,2165.4,4.9,2.0,2.5
142,2013.3,1914.1,2112.5,4.9,2.0,2.5
143,1963.8,1866.6,2061.1,5.0,2.0,2.5
144,1915.8,1820.5,2011.1,5.0,2.0,2.5
145,1869.1,1775.7,1962.6,5.0,2.0,2.5
146,1823.8,1732.2,1915.5,5.0,2.1,2.4
147,1779.8,1689.9,1869.6,5.0,2.1,2.4
148,1737.0,1648.8,1825.1,5.1,2.1,2.4
149,1695.4,1609.0,1781.8,5.1,2.1,2.4
150,1654.9,1570.2,1739.7,5.1,2.1,2.4
151,1615.6,1532.5,1698.8,5.1,2.1,2.4
152,1577.4,1495.9,1659.0,5.2,2.2,2.4
153,1540.3,1460.3,1620.3,5.2,2.2,2.4
154,1504.2,1425.7,1582.6,5.2,2.2,2.4
155,1469.1,1392.1,1546.0,5.2,2.2,2.4
156,1434.9,1359.4,1510.4,5.3,2.2,2.3
157,1401.7,1327.6,1475.7,5.3,2.3,2.3
158,1369.4,1296.7,1442.0,5.3,2.3,2.3
159,1337.9,1266.6,1409.2,5.3,2.3,2.3
160,1307.3,1237.3,1377.3,5.4,2.3,2.3
161,1277.5,1208.9,1346.2,5.4,2.3,2.3
162,1248.6,1181.2,1315.9,5.4,2.4,2.3
163,1220.4,1154.2,1286.5,5.4,2.4,2.3
164,1192.9,1128.0,1257.8,5.4,2.4,2.3
165,1166.2,1102.5,1229.9,5.5,2.4,2.3
166,1140.2,1077.6,1202.7,5.5,2.4,2.3
167,1114.8,1053.4,1176.2,5.5,2.5,2.2
168,1090.2,1029.9,1150.4,5.5,2.5,2.2
169,1066.1,1006.9,1125.3,5.6,2.5,2.2
170,1042.7,984.60,1100.8,5.6,2.5,2.2
171,1019.9,962.85,1077.0,5.6,2.5,2.2
172,997.72,941.67,1053.8,5.6,2.6,2.2
173,976.08,921.04,1031.1,5.6,2.6,2.2
174,955.00,900.95,1009.1,5.7,2.6,2.2
175,934.46,881.37,987.55,5.7,2.6,2.2
176,914.44,862.29,966.58,5.7,2.6,2.2
177,894.92,843.70,946.15,5.7,2.7,2.2
178,875.90,825.58,926.22,5.7,2.7,2.1
179,857.36,807.93,906.79,5.8,2.7,2.1
180,839.28,790.72,887.85,5.8,2.7,2.1
181,821.66,773.94,869.37,5.8,2.7,2.1
182,804.47,757.58,851.35,5.8,2.8,2.1
183,787.71,741.64,833.78,5.8,2.8,2.1
184,771.36,726.09,816.63,5.9,2.8,2.1
185,755.42,710.93,799.91,5.9,2.8,2.1
186,739.86,696.14,783.59,5.9,2.8,2.1
187,724.69,681.72,767.66,5.9,2.9,2.1
188,709.89,667.65,752.13,6.0,2.9,2.1
189,695.44,653.92,736.96,6.0,2.9,2.1
190,681.35,640.53,722.16,6.0,2.9,2.0
191,667.59,627.47,707.71,6.0,3.0,2.0
192,654.17,614.72,693.61,6.0,3.0,2.0
193,641.06,602.28,679.84,6.0,3.0,2.0
194,628.27,590.14,666.40,6.1,3.0,2.0
195,615.78,578.29,653.28,6.1,3.0,2.0
196,603.59,566.72,640.46,6.1,3.1,2.0
197,591.69,555.43,627.94,6.1,3.1,2.0
198,580.06,544.40,615.72,6.1,3.1,2.0
199,568.71,533.64,603.78,6.2,3.1,2.0
200,557.62,523.13,592.11,6.2,3.1,2.0
201,546.79,512.87,580.72,6.2,3.2,2.0
202,536.21,502.84,569.59,6.2,3.2,1.9
203,525.88,493.05,558.71,6.2,3.2,1.9
204,515.78,483.49,548.08,6.3,3.2,1.9
205,505.92,474.15,537.69,6.3,3.3,1.9
206,496.28,465.02,527.54,6.3,3.3,1.9
207,486.86,456.10,517.62,6.3,3.3,1.9
208,477.66,447.39,507.92,6.3,3.3,1.9
209,468.66,438.88,498.44,6.4,3.3,1.9
210,459.86,430.56,489.17,6.4,3.4,1.9
211,451.27,422.42,480.11,6.4,3.4,1.9
212,442.86,414.48,471.25,6.4,3.4,1.9
213,434.65,406.71,462.59,6.4,3.4,1.9
214,426.61,399.11,454.11,6.4,3.5,1.9
215,418.76,391.69,445.83,6.5,3.5,1.9
216,411.07,384.43,437.72,6.5,3.5,1.8
217,403.56,377.33,429.79,6.5,3.5,1.8
218,396.21,370.39,422.04,6.5,3.6,1.8
219,389.03,363.60,414.45,6.5,3.6,1.8
220,381.99,356.96,407.03,6.6,3.6,1.8
221,375.12,350.47,399.77,6.6,3.6,1.8
222,368.39,344.11,392.66,6.6,3.6,1.8
223,361.80,337.90,385.70,6.6,3.7,1.8
224,355.36,331.82,378.90,6.6,3.7,1.8
225,349.06,325.87,372.24,6.6,3.7,1.8
226,342.89,320.06,365.72,6.7,3.7,1.8
227,336.85,314.36,359.33,6.7,3.8,1.8
228,330.94,308.79,353.09,6.7,3.8,1.8
229,325.15,303.33,346.97,6.7,3.8,1.8
230,319.49,298.00,340.98,6.7,3.8,1.8
231,313.94,292.77,335.12,6.7,3.9,1.7
232,308.52,287.66,329.37,6.8,3.9,1.7
233,303.20,282.65,323.75,6.8,3.9,1.7
234,298.00,277.75,318.24,6.8,3.9,1.7
235,292.90,272.95,312.85,6.8,4.0,1.7
236,287.91,268.25,307.57,6.8,4.0,1.7
237,283.02,263.65,302.39,6.8,4.0,1.7
238,278.23,259.14,297.32,6.9,4.0,1.7
239,273.54,254.73,292.36,6.9,4.1,1.7
240,268.95,250.41,287.49,6.9,4.1,1.7
241,264.45,246.18,282.72,6.9,4.1,1.7
242,260.04,242.03,278.05,6.9,4.1,1.7
243,255.72,237.97,273.47,6.9,4.2,1.7
244,251.49,233.99,268.99,7.0,4.2,1.7
245,247.34,230.09,264.59,7.0,4.2,1.7
246,243.27,226.27,260.28,7.0,4.2,1.7
247,239.29,222.52,256.06,7.0,4.3,1.6
248,235.38,218.85,251.91,7.0,4.3,1.6
249,231.56,215.26,247.85,7.0,4.3,1.6
250,227.80,211.73,243.87,7.1,4.3,1.6
